<!DOCTYPE html>
<!-- saved from url=(0045)http://www.jq22.com/demo/3D_show201710090942/ -->
<html><head><meta http-equiv="Content-Type" content="text/html; charset=UTF-8">
		<title>three.js css3d - periodic table</title>
		<meta charset="utf-8">
		<meta name="viewport" content="width=device-width, user-scalable=no, minimum-scale=1.0, maximum-scale=1.0">
		<style>
			html, body {
				height: 100%;
			}

			body {
				background-color: #000000;
				margin: 0;
				font-family: Helvetica, sans-serif;;
				overflow: hidden;
			}

			a {
				color: #ffffff;
			}

			#info {
				position: absolute;
				width: 100%;
				color: #ffffff;
				padding: 5px;
				font-family: Monospace;
				font-size: 13px;
				font-weight: bold;
				text-align: center;
				z-index: 1;
			}

			#menu {
				position: absolute;
				bottom: 20px;
				width: 100%;
				text-align: center;
			}

			.element {
				width: 100px;/* 120 160 */
				height: 100px;
				box-shadow: 0px 0px 12px rgba(0,255,255,0.5);
				border: 1px solid rgba(127,255,255,0.25);
				text-align: center;
				cursor: default;
			}

			.element:hover {
				box-shadow: 0px 0px 12px rgba(0,255,255,0.75);
				border: 1px solid rgba(127,255,255,0.75);
			}
				.element img{
					width:100px;
					height:100px;
				}

				.element .number {
					position: absolute;
					top: 20px;
					right: 20px;
					font-size: 12px;
					color: rgba(127,255,255,0.75);
				}

				.element .symbol {
					position: absolute;
					top: 40px;
					left: 0px;
					right: 0px;
					font-size: 60px;
					font-weight: bold;
					color: rgba(255,255,255,0.75);
					text-shadow: 0 0 10px rgba(0,255,255,0.95);
				}

				.element .details {
					position: absolute;
					bottom: 15px;
					left: 0px;
					right: 0px;
					font-size: 12px;
					color: rgba(127,255,255,0.75);
				}

			button {
				color: rgba(127,255,255,0.75);
				background: transparent;
				outline: 1px solid rgba(127,255,255,0.75);
				border: 0px;
				padding: 5px 10px;
				cursor: pointer;
			}
			button:hover {
				background-color: rgba(0,255,255,0.5);
			}
			button:active {
				color: #000000;
				background-color: rgba(0,255,255,0.75);
			}
			.show_info{position:fixed;background-color:rgba(0,0,0,.6);padding:10px;width:300px;margin:0 auto;left: 0;right:0;border-radius: 5px;box-shadow: 0 0 10px 0 #fff;top:30%;}
			.show_info img{display:block;margin:auto;border-radius: 5px;box-shadow: 0 0 10px 0 #888;}
			.show_info .intro{color:#fff;text-indent:20px;margin-top:10px;height:65px;overflow:hidden;display: -webkit-box;-webkit-line-clamp: 3;-webkit-box-orient: vertical;}
			.show_info .info_my{text-align: center;}
			.show_info .info_my > *{display:inline-block !important;vertical-align: middle;}
			.show_info .info_my .info_mem{color:#fff;max-width:120px;}
			.show_info .info_my .info_mem > div{text-align: left;}
			.show_info .info_my .info_mem > div.nickname{max-width: 120px;text-overflow: ellipsis;overflow: hidden;white-space: nowrap;}
		</style>
		<link rel="stylesheet" href="threejscss3d_files/animate.min.css">
	</head>
	<body>
		<script src="threejscss3d_files/jquery-2.1.1.js"></script><script src="threejscss3d_files/jquery.min.js"></script>
		<script src="threejscss3d_files/three.js"></script>
		<script src="threejscss3d_files/tween.min.js"></script>
		<script src="threejscss3d_files/TrackballControls.js"></script>
		<script src="threejscss3d_files/CSS3DRenderer.js"></script>

		<div id="container"><div style="overflow: hidden; width: 1269px; height: 923px; position: absolute; perspective: 1267.96px;"><div style="transform-style: preserve-3d; width: 1269px; height: 923px; transform: translateZ(1267.96px) matrix3d(0.998886, -0.000914634, -0.0471845, 0, -1.10067e-05, -0.999817, 0.0191476, 0, 0.0471934, 0.0191258, 0.998703, 0, 0, 0, -3000, 1) translate(634.5px, 461.5px);"><div class="element" style="position: absolute; transform: translate(-50%, -50%) matrix3d(-0.753757, 0, 0.657153, 0, 0, -1, 0, 0, -0.657153, 0, -0.753757, 0, -591.437, 450, -678.382, 1); background-color: rgba(0, 127, 127, 0.627451);"><img src="threejscss3d_files/b.png"></div><div class="element" style="position: absolute; transform: translate(-50%, -50%) matrix3d(-0.627829, 0, 0.778351, 0, 0, -1, 0, 0, -0.778351, 0, -0.627829, 0, -700.516, 445, -565.046, 1); background-color: rgba(0, 127, 127, 0.290196);"><img src="threejscss3d_files/b.png"></div><div class="element" style="position: absolute; transform: translate(-50%, -50%) matrix3d(-0.482723, 0, 0.875773, 0, 0, -1, 0, 0, -0.875773, 0, -0.482723, 0, -788.196, 440, -434.451, 1); background-color: rgba(0, 127, 127, 0.584314);"><img src="threejscss3d_files/b.png"></div><div class="element" style="position: absolute; transform: translate(-50%, -50%) matrix3d(-0.322871, 0, 0.946443, 0, 0, -1, 0, 0, -0.946443, 0, -0.322871, 0, -851.799, 435, -290.584, 1); background-color: rgba(0, 127, 127, 0.313726);"><img src="threejscss3d_files/b.png"></div><div class="element" style="position: absolute; transform: translate(-50%, -50%) matrix3d(-0.153156, 0, 0.988202, 0, 0, -1, 0, 0, -0.988202, 0, -0.153156, 0, -889.382, 430, -137.84, 1); background-color: rgba(0, 127, 127, 0.329412);"><img src="threejscss3d_files/b.png"></div><div class="element" style="position: absolute; transform: translate(-50%, -50%) matrix3d(0.0212372, 0, 0.999774, 0, 0, -1, 0, 0, -0.999774, 0, 0.0212372, 0, -898.891, 424.028, 18.978, 1); background-color: rgba(0, 127, 127, 0.380392);"><img src="threejscss3d_files/b.png"></div><div class="element" style="position: absolute; transform: translate(-50%, -50%) matrix3d(0.194982, 0, 0.980807, 0, 0, -1, 0, 0, -0.980807, 0, 0.194982, 0, -882.019, 419.282, 175.4, 1); background-color: rgba(0, 127, 127, 0.631373);"><img src="threejscss3d_files/b.png"></div><div class="element" style="position: absolute; transform: translate(-50%, -50%) matrix3d(0.36277, 0, 0.931879, 0, 0, -1, 0, 0, -0.931879, 0, 0.36277, 0, -838.691, 415, 326.493, 1); background-color: rgba(0, 127, 127, 0.509804);"><img src="threejscss3d_files/b.png"></div><div class="element" style="position: absolute; transform: translate(-50%, -50%) matrix3d(0.519477, 0, 0.854484, 0, 0, -1, 0, 0, -0.854484, 0, 0.519477, 0, -769.036, 410, 467.529, 1); background-color: rgba(0, 127, 127, 0.411765);"><img src="threejscss3d_files/b.png"></div><div class="element" style="position: absolute; transform: translate(-50%, -50%) matrix3d(0.660315, 0, 0.750988, 0, 0, -1, 0, 0, -0.750988, 0, 0.660315, 0, -675.89, 405, 594.284, 1); background-color: rgba(0, 127, 127, 0.466667);"><img src="threejscss3d_files/b.png"></div><div class="element" style="position: absolute; transform: translate(-50%, -50%) matrix3d(0.781292, 0.000111232, 0.624165, 0, 0.000185393, -1, -5.38544e-05, 0, -0.624165, -0.000157792, 0.781292, 0, -562.097, 400, 702.885, 1); background-color: rgba(0, 127, 127, 0.388235);"><img src="threejscss3d_files/b.png"></div><div class="element" style="position: absolute; transform: translate(-50%, -50%) matrix3d(0.877795, 0, 0.479037, 0, 0, -1, 0, 0, -0.479037, 0, 0.877795, 0, -431.133, 395, 790.015, 1); background-color: rgba(0, 127, 127, 0.266667);"><img src="threejscss3d_files/b.png"></div><div class="element" style="position: absolute; transform: translate(-50%, -50%) matrix3d(0.947792, 0, 0.318889, 0, 0, -1, 0, 0, -0.318889, 0, 0.947792, 0, -287.001, 390, 853.013, 1); background-color: rgba(0, 127, 127, 0.392157);"><img src="threejscss3d_files/b.png"></div><div class="element" style="position: absolute; transform: translate(-50%, -50%) matrix3d(0.988837, 0, 0.149001, 0, 0, -1, 0, 0, -0.149001, 0, 0.988837, 0, -134.101, 385, 889.953, 1); background-color: rgba(0, 127, 127, 0.517647);"><img src="threejscss3d_files/b.png"></div><div class="element" style="position: absolute; transform: translate(-50%, -50%) matrix3d(0.999676, 0, -0.0254397, 0, 0, -1, 0, 0, 0.0254397, 0, 0.999676, 0, 22.8957, 380, 899.709, 1); background-color: rgba(0, 127, 127, 0.611765);"><img src="threejscss3d_files/b.png"></div><div class="element" style="position: absolute; transform: translate(-50%, -50%) matrix3d(0.979795, -0.00230976, -0.19999, 0, -0.00251887, -0.999997, -0.000791164, 0, 0.199987, -0.00127893, 0.979798, 0, 179.193, 375, 881.981, 1); background-color: rgba(0, 127, 127, 0.286275);"><img src="threejscss3d_files/b.png"></div><div class="element" style="position: absolute; transform: translate(-50%, -50%) matrix3d(0.930345, 0, -0.366684, 0, 0, -1, 0, 0, 0.366684, 0, 0.930345, 0, 330.016, 370, 837.311, 1); background-color: rgba(0, 127, 127, 0.396078);"><img src="threejscss3d_files/b.png"></div><div class="element" style="position: absolute; transform: translate(-50%, -50%) matrix3d(0.852293, 0, -0.523064, 0, 0, -1, 0, 0, 0.523064, 0, 0.852293, 0, 470.758, 365, 767.064, 1); background-color: rgba(0, 127, 127, 0.294118);"><img src="threejscss3d_files/b.png"></div><div class="element" style="position: absolute; transform: translate(-50%, -50%) matrix3d(0.748206, 0, -0.663467, 0, 0, -1, 0, 0, 0.663467, 0, 0.748206, 0, 597.12, 360, 673.385, 1); background-color: rgba(0, 127, 127, 0.509804);"><img src="threejscss3d_files/b.png"></div><div class="element" style="position: absolute; transform: translate(-50%, -50%) matrix3d(0.621263, 0, -0.783602, 0, 0, -1, 0, 0, 0.783602, 0, 0.621263, 0, 705.242, 355, 559.137, 1); background-color: rgba(0, 127, 127, 0.270588);"><img src="threejscss3d_files/b.png"></div><div class="element" style="position: absolute; transform: translate(-50%, -50%) matrix3d(0.475343, 0, -0.879801, 0, 0, -1, 0, 0, 0.879801, 0, 0.475343, 0, 791.82, 350, 427.809, 1); background-color: rgba(0, 127, 127, 0.34902);"><img src="threejscss3d_files/b.png"></div><div class="element" style="position: absolute; transform: translate(-50%, -50%) matrix3d(0.314902, 0, -0.949124, 0, 0, -1, 0, 0, 0.949124, 0, 0.314902, 0, 854.212, 345, 283.412, 1); background-color: rgba(0, 127, 127, 0.635294);"><img src="threejscss3d_files/b.png"></div><div class="element" style="position: absolute; transform: translate(-50%, -50%) matrix3d(0.144843, 0, -0.989455, 0, 0, -1, 0, 0, 0.989455, 0, 0.144843, 0, 889.942, 339.519, 130.511, 1); background-color: rgba(0, 127, 127, 0.341176);"><img src="threejscss3d_files/b.png"></div><div class="element" style="position: absolute; transform: translate(-50%, -50%) matrix3d(-0.0296418, 0, -0.999561, 0, 0, -1, 0, 0, 0.999561, 0, -0.0296418, 0, 899.605, 335, -26.6776, 1); background-color: rgba(0, 127, 127, 0.278431);"><img src="threejscss3d_files/b.png"></div><div class="element" style="position: absolute; transform: translate(-50%, -50%) matrix3d(-0.201993, 0.00282727, -0.979383, 0, -0.00125865, -0.999996, -0.00262719, 0, 0.979386, -0.000702026, -0.201996, 0, 881.22, 330, -182.899, 1); background-color: rgba(0, 127, 127, 0.654902);"><img src="threejscss3d_files/b.png"></div><div class="element" style="position: absolute; transform: translate(-50%, -50%) matrix3d(-0.370592, 0, -0.928796, 0, 0, -1, 0, 0, 0.928796, 0, -0.370592, 0, 835.916, 325, -333.533, 1); background-color: rgba(0, 127, 127, 0.72549);"><img src="threejscss3d_files/b.png"></div><div class="element" style="position: absolute; transform: translate(-50%, -50%) matrix3d(-0.526642, 0, -0.850087, 0, 0, -1, 0, 0, 0.850087, 0, -0.526642, 0, 765.078, 320, -473.978, 1); background-color: rgba(0, 127, 127, 0.352941);"><img src="threejscss3d_files/b.png"></div><div class="element" style="position: absolute; transform: translate(-50%, -50%) matrix3d(-0.666606, 0, -0.74541, 0, 0, -1, 0, 0, 0.74541, 0, -0.666606, 0, 670.869, 315, -599.945, 1); background-color: rgba(0, 127, 127, 0.701961);"><img src="threejscss3d_files/b.png"></div><div class="element" style="position: absolute; transform: translate(-50%, -50%) matrix3d(-0.786207, 0, -0.617964, 0, 0, -1, 0, 0, 0.617964, 0, -0.786207, 0, 556.167, 310, -707.586, 1); background-color: rgba(0, 127, 127, 0.486275);"><img src="threejscss3d_files/b.png"></div><div class="element" style="position: absolute; transform: translate(-50%, -50%) matrix3d(-0.881791, 0, -0.47164, 0, 0, -1, 0, 0, 0.47164, 0, -0.881791, 0, 424.476, 305, -793.612, 1); background-color: rgba(0, 127, 127, 0.576471);"><img src="threejscss3d_files/b.png"></div><div class="element" style="position: absolute; transform: translate(-50%, -50%) matrix3d(-0.950439, 0, -0.31091, 0, 0, -1, 0, 0, 0.31091, 0, -0.950439, 0, 279.819, 300, -855.395, 1); background-color: rgba(0, 127, 127, 0.67451);"><img src="threejscss3d_files/b.png"></div><div class="element" style="position: absolute; transform: translate(-50%, -50%) matrix3d(-0.990055, 0, -0.140682, 0, 0, -1, 0, 0, 0.140682, 0, -0.990055, 0, 126.614, 295, -891.049, 1); background-color: rgba(0, 127, 127, 0.305882);"><img src="threejscss3d_files/b.png"></div><div class="element" style="position: absolute; transform: translate(-50%, -50%) matrix3d(-0.999427, 0, 0.0338433, 0, 0, -1, 0, 0, -0.0338433, 0, -0.999427, 0, -30.459, 290, -899.484, 1); background-color: rgba(0, 127, 127, 0.745098);"><img src="threejscss3d_files/b.png"></div><div class="element" style="position: absolute; transform: translate(-50%, -50%) matrix3d(-0.97827, 0, 0.207335, 0, 0, -1, 0, 0, -0.207335, 0, -0.97827, 0, -186.601, 285, -880.443, 1); background-color: rgba(0, 127, 127, 0.396078);"><img src="threejscss3d_files/b.png"></div><div class="element" style="position: absolute; transform: translate(-50%, -50%) matrix3d(-0.92723, 0, 0.374493, 0, 0, -1, 0, 0, -0.374493, 0, -0.92723, 0, -337.044, 280, -834.507, 1); background-color: rgba(0, 127, 127, 0.34902);"><img src="threejscss3d_files/b.png"></div><div class="element" style="position: absolute; transform: translate(-50%, -50%) matrix3d(-0.847907, 0.00284523, 0.530138, 0, -0.00405758, -0.999991, -0.0011228, 0, -0.53013, 0.0031031, -0.847911, 0, -477.19, 275, -763.079, 1); background-color: rgba(0, 127, 127, 0.352941);"><img src="threejscss3d_files/b.png"></div><div class="element" style="position: absolute; transform: translate(-50%, -50%) matrix3d(-0.742613, 0.00162777, 0.669718, 0, -0.0025762, -0.999997, -0.000426085, 0, -0.669715, 0.00204175, -0.742615, 0, -602.76, 270, -668.341, 1); background-color: rgba(0, 127, 127, 0.607843);"><img src="threejscss3d_files/b.png"></div><div class="element" style="position: absolute; transform: translate(-50%, -50%) matrix3d(-0.614653, 0, 0.788797, 0, 0, -1, 0, 0, -0.788797, 0, -0.614653, 0, -709.918, 265, -553.188, 1); background-color: rgba(0, 127, 127, 0.513726);"><img src="threejscss3d_files/b.png"></div><div class="element" style="position: absolute; transform: translate(-50%, -50%) matrix3d(-0.46793, 0, 0.883766, 0, 0, -1, 0, 0, -0.883766, 0, -0.46793, 0, -795.389, 260, -421.137, 1); background-color: rgba(0, 127, 127, 0.360784);"><img src="threejscss3d_files/b.png"></div><div class="element" style="position: absolute; transform: translate(-50%, -50%) matrix3d(-0.306797, 0.00134254, 0.951774, 0, -0.00296361, -0.999996, 0.000455266, 0, -0.95177, 0.00268102, -0.306799, 0, -856.564, 255, -276.221, 1); background-color: rgba(0, 127, 127, 0.411765);"><img src="threejscss3d_files/b.png"></div><div class="element" style="position: absolute; transform: translate(-50%, -50%) matrix3d(-0.136519, 0, 0.990637, 0, 0, -1, 0, 0, -0.990637, 0, -0.136519, 0, -891.574, 250, -122.867, 1); background-color: rgba(0, 127, 127, 0.47451);"><img src="threejscss3d_files/b.png"></div><div class="element" style="position: absolute; transform: translate(-50%, -50%) matrix3d(0.0380443, 0, 0.999276, 0, 0, -1, 0, 0, -0.999276, 0, 0.0380443, 0, -899.348, 245, 34.2398, 1); background-color: rgba(0, 127, 127, 0.454902);"><img src="threejscss3d_files/b.png"></div><div class="element" style="position: absolute; transform: translate(-50%, -50%) matrix3d(0.211331, -3.53059e-05, 0.977415, 0, 0.000373177, -1, -0.000116808, 0, -0.977415, -0.000389434, 0.211331, 0, -879.651, 240, 190.301, 1); background-color: rgba(0, 127, 127, 0.52549);"><img src="threejscss3d_files/b.png"></div><div class="element" style="position: absolute; transform: translate(-50%, -50%) matrix3d(0.378387, 0, 0.925647, 0, 0, -1, 0, 0, -0.925647, 0, 0.378387, 0, -833.083, 235, 340.549, 1); background-color: rgba(0, 127, 127, 0.733333);"><img src="threejscss3d_files/b.png"></div><div class="element" style="position: absolute; transform: translate(-50%, -50%) matrix3d(0.533771, 0, 0.845629, 0, 0, -1, 0, 0, -0.845629, 0, 0.533771, 0, -761.066, 230, 480.394, 1); background-color: rgba(0, 127, 127, 0.290196);"><img src="threejscss3d_files/b.png"></div><div class="element" style="position: absolute; transform: translate(-50%, -50%) matrix3d(0.672849, 0, 0.73978, 0, 0, -1, 0, 0, -0.73978, 0, 0.672849, 0, -665.802, 225, 605.564, 1); background-color: rgba(0, 127, 127, 0.415686);"><img src="threejscss3d_files/b.png"></div><div class="element" style="position: absolute; transform: translate(-50%, -50%) matrix3d(0.791374, 0, 0.611332, 0, 0, -1, 0, 0, -0.611332, 0, 0.791374, 0, -550.199, 220, 712.237, 1); background-color: rgba(0, 127, 127, 0.321569);"><img src="threejscss3d_files/b.png"></div><div class="element" style="position: absolute; transform: translate(-50%, -50%) matrix3d(0.885725, 0, 0.46421, 0, 0, -1, 0, 0, -0.46421, 0, 0.885725, 0, -417.789, 215, 797.152, 1); background-color: rgba(0, 127, 127, 0.407843);"><img src="threejscss3d_files/b.png"></div><div class="element" style="position: absolute; transform: translate(-50%, -50%) matrix3d(0.95302, 0, 0.302908, 0, 0, -1, 0, 0, -0.302908, 0, 0.95302, 0, -272.617, 210, 857.718, 1); background-color: rgba(0, 127, 127, 0.556863);"><img src="threejscss3d_files/b.png"></div><div class="element" style="position: absolute; transform: translate(-50%, -50%) matrix3d(0.991203, 0, 0.132353, 0, 0, -1, 0, 0, -0.132353, 0, 0.991203, 0, -119.118, 205, 892.082, 1); background-color: rgba(0, 127, 127, 0.270588);"><img src="threejscss3d_files/b.png"></div><div class="element" style="position: absolute; transform: translate(-50%, -50%) matrix3d(0.999107, 0, -0.0422445, 0, 0, -1, 0, 0, 0.0422445, 0, 0.999107, 0, 38.0201, 200, 899.197, 1); background-color: rgba(0, 127, 127, 0.258824);"><img src="threejscss3d_files/b.png"></div><div class="element" style="position: absolute; transform: translate(-50%, -50%) matrix3d(0.976492, 0, -0.215552, 0, 0, -1, 0, 0, 0.215552, 0, 0.976492, 0, 193.997, 195, 878.843, 1); background-color: rgba(0, 127, 127, 0.439216);"><img src="threejscss3d_files/a.png"></div><div class="element" style="position: absolute; transform: translate(-50%, -50%) matrix3d(0.924049, 0, -0.382275, 0, 0, -1, 0, 0, 0.382275, 0, 0.924049, 0, 344.048, 190, 831.644, 1); background-color: rgba(0, 127, 127, 0.592157);"><img src="threejscss3d_files/a.png"></div><div class="element" style="position: absolute; transform: translate(-50%, -50%) matrix3d(0.843015, -0.000596136, -0.53789, 0, -0.000807366, -1, -0.000157069, 0, 0.53789, -0.000566686, 0.843015, 0, 483.589, 185, 759.04, 1); background-color: rgba(0, 127, 127, 0.45098);"><img src="threejscss3d_files/a.png"></div><div class="element" style="position: absolute; transform: translate(-50%, -50%) matrix3d(0.736945, 0, -0.675953, 0, 0, -1, 0, 0, 0.675953, 0, 0.736945, 0, 608.358, 180, 663.25, 1); background-color: rgba(0, 127, 127, 0.427451);"><img src="threejscss3d_files/a.png"></div><div class="element" style="position: absolute; transform: translate(-50%, -50%) matrix3d(0.608, 0, -0.793937, 0, 0, -1, 0, 0, 0.793937, 0, 0.608, 0, 714.543, 175, 547.2, 1); background-color: rgba(0, 127, 127, 0.368627);"><img src="threejscss3d_files/a.png"></div><div class="element" style="position: absolute; transform: translate(-50%, -50%) matrix3d(0.460483, 0, -0.887669, 0, 0, -1, 0, 0, 0.887669, 0, 0.460483, 0, 798.902, 170, 414.435, 1); background-color: rgba(0, 127, 127, 0.6);"><img src="threejscss3d_files/a.png"></div><div class="element" style="position: absolute; transform: translate(-50%, -50%) matrix3d(0.298899, 0, -0.954285, 0, 0, -1, 0, 0, 0.954285, 0, 0.298899, 0, 858.856, 165, 269.01, 1); background-color: rgba(0, 127, 127, 0.541176);"><img src="threejscss3d_files/a.png"></div><div class="element" style="position: absolute; transform: translate(-50%, -50%) matrix3d(0.128186, 0, -0.99175, 0, 0, -1, 0, 0, 0.99175, 0, 0.128186, 0, 892.575, 160, 115.367, 1); background-color: rgba(0, 127, 127, 0.376471);"><img src="threejscss3d_files/a.png"></div><div class="element" style="position: absolute; transform: translate(-50%, -50%) matrix3d(-0.0464441, 0, -0.998921, 0, 0, -1, 0, 0, 0.998921, 0, -0.0464441, 0, 899.029, 155, -41.7997, 1); background-color: rgba(0, 127, 127, 0.552941);"><img src="threejscss3d_files/a.png"></div><div class="element" style="position: absolute; transform: translate(-50%, -50%) matrix3d(-0.219655, 0, -0.975578, 0, 0, -1, 0, 0, 0.975578, 0, -0.219655, 0, 878.02, 150, -197.689, 1); background-color: rgba(0, 127, 127, 0.54902);"><img src="threejscss3d_files/a.png"></div><div class="element" style="position: absolute; transform: translate(-50%, -50%) matrix3d(-0.386156, 0, -0.922433, 0, 0, -1, 0, 0, 0.922433, 0, -0.386156, 0, 830.19, 145, -347.54, 1); background-color: rgba(0, 127, 127, 0.458824);"><img src="threejscss3d_files/a.png"></div><div class="element" style="position: absolute; transform: translate(-50%, -50%) matrix3d(-0.540861, 0, -0.841112, 0, 0, -1, 0, 0, 0.841112, 0, -0.540861, 0, 757.001, 140, -486.775, 1); background-color: rgba(0, 127, 127, 0.34902);"><img src="threejscss3d_files/a.png"></div><div class="element" style="position: absolute; transform: translate(-50%, -50%) matrix3d(-0.679045, 0, -0.734097, 0, 0, -1, 0, 0, 0.734097, 0, -0.679045, 0, 660.687, 135, -611.14, 1); background-color: rgba(0, 127, 127, 0.580392);"><img src="threejscss3d_files/a.png"></div><div class="element" style="position: absolute; transform: translate(-50%, -50%) matrix3d(-0.796486, 0, -0.604657, 0, 0, -1, 0, 0, 0.604657, 0, -0.796486, 0, 544.192, 130, -716.837, 1); background-color: rgba(0, 127, 127, 0.360784);"><img src="threejscss3d_files/a.png"></div><div class="element" style="position: absolute; transform: translate(-50%, -50%) matrix3d(-0.890206, 0.00724931, -0.4555, 0, -0.00582306, -0.999973, -0.00453434, 0, 0.455521, 0.00138409, -0.890224, 0, 411.073, 125, -800.637, 1); background-color: rgba(0, 127, 127, 0.576471);"><img src="threejscss3d_files/a.png"></div><div class="element" style="position: absolute; transform: translate(-50%, -50%) matrix3d(-0.955902, 0.00876405, -0.293555, 0, -0.00765414, -0.999959, -0.0049295, 0, 0.293586, 0.00246521, -0.955929, 0, 265.397, 120, -859.979, 1); background-color: rgba(0, 127, 127, 0.541176);"><img src="threejscss3d_files/a.png"></div><div class="element" style="position: absolute; transform: translate(-50%, -50%) matrix3d(-0.99228, 0, -0.124015, 0, 0, -1, 0, 0, 0.124015, 0, -0.99228, 0, 111.614, 115, -893.052, 1); background-color: rgba(0, 127, 127, 0.517647);"><img src="threejscss3d_files/a.png"></div><div class="element" style="position: absolute; transform: translate(-50%, -50%) matrix3d(-0.998717, 0, 0.0506428, 0, 0, -1, 0, 0, -0.0506428, 0, -0.998717, 0, -45.9795, 109.74, -898.529, 1); background-color: rgba(0, 127, 127, 0.45098);"><img src="./threejscss3d_files.png"></div><div class="element" style="position: absolute; transform: translate(-50%, -50%) matrix3d(-0.974646, 0, 0.223754, 0, 0, -1, 0, 0, -0.223754, 0, -0.974646, 0, -201.379, 105, -877.181, 1); background-color: rgba(0, 127, 127, 0.678431);"><img src="threejscss3d_files/a.png"></div><div class="element" style="position: absolute; transform: translate(-50%, -50%) matrix3d(-0.920802, 0, 0.39003, 0, 0, -1, 0, 0, -0.39003, 0, -0.920802, 0, -351.027, 100, -828.722, 1); background-color: rgba(0, 127, 127, 0.541176);"><img src="threejscss3d_files/a.png"></div><div class="element" style="position: absolute; transform: translate(-50%, -50%) matrix3d(-0.838831, 0, 0.544392, 0, 0, -1, 0, 0, -0.544392, 0, -0.838831, 0, -489.953, 95, -754.948, 1); background-color: rgba(0, 127, 127, 0.666667);"><img src="threejscss3d_files/a.png"></div><div class="element" style="position: absolute; transform: translate(-50%, -50%) matrix3d(-0.731614, 7.19858e-05, 0.68172, 0, -0.00270282, -0.999992, -0.00279505, 0, -0.681714, 0.00388746, -0.731608, 0, -613.912, 90, -658.112, 1); background-color: rgba(0, 127, 127, 0.556863);"><img src="threejscss3d_files/a.png"></div><div class="element" style="position: absolute; transform: translate(-50%, -50%) matrix3d(-0.601304, 0, 0.79902, 0, 0, -1, 0, 0, -0.79902, 0, -0.601304, 0, -719.118, 85, -541.173, 1); background-color: rgba(0, 127, 127, 0.631373);"><img src="threejscss3d_files/a.png"></div><div class="element" style="position: absolute; transform: translate(-50%, -50%) matrix3d(-0.453004, 0, 0.891509, 0, 0, -1, 0, 0, -0.891509, 0, -0.453004, 0, -801.69, 79.8503, -407.812, 1); background-color: rgba(0, 127, 127, 0.541176);"><img src="threejscss3d_files/a.png"></div><div class="element" style="position: absolute; transform: translate(-50%, -50%) matrix3d(-0.290866, 0, 0.956764, 0, 0, -1, 0, 0, -0.956764, 0, -0.290866, 0, -860.008, 74.8008, -261.936, 1); background-color: rgba(0, 127, 127, 0.396078);"><img src="threejscss3d_files/a.png"></div><div class="element" style="position: absolute; transform: translate(-50%, -50%) matrix3d(-0.119843, 0, 0.992793, 0, 0, -1, 0, 0, -0.992793, 0, -0.119843, 0, -893.514, 70, -107.859, 1); background-color: rgba(0, 127, 127, 0.298039);"><img src="threejscss3d_files/a.png"></div><div class="element" style="position: absolute; transform: translate(-50%, -50%) matrix3d(0.0548406, 0, 0.998495, 0, 0, -1, 0, 0, -0.998495, 0, 0.0548406, 0, -898.646, 65, 49.3566, 1); background-color: rgba(0, 127, 127, 0.27451);"><img src="threejscss3d_files/a.png"></div><div class="element" style="position: absolute; transform: translate(-50%, -50%) matrix3d(0.227849, 0, 0.973696, 0, 0, -1, 0, 0, -0.973696, 0, 0.227849, 0, -876.327, 60, 205.064, 1); background-color: rgba(0, 127, 127, 0.541176);"><img src="threejscss3d_files/a.png"></div><div class="element" style="position: absolute; transform: translate(-50%, -50%) matrix3d(0.393898, 0, 0.919154, 0, 0, -1, 0, 0, -0.919154, 0, 0.393898, 0, -827.239, 55, 354.508, 1); background-color: rgba(0, 127, 127, 0.678431);"><img src="threejscss3d_files/a.png"></div><div class="element" style="position: absolute; transform: translate(-50%, -50%) matrix3d(0.547914, 0, 0.836535, 0, 0, -1, 0, 0, -0.836535, 0, 0.547914, 0, -752.881, 50, 493.122, 1); background-color: rgba(0, 127, 127, 0.396078);"><img src="threejscss3d_files/a.png"></div><div class="element" style="position: absolute; transform: translate(-50%, -50%) matrix3d(0.685193, 0, 0.728362, 0, 0, -1, 0, 0, -0.728362, 0, 0.685193, 0, -655.526, 45, 616.673, 1); background-color: rgba(0, 127, 127, 0.423529);"><img src="threejscss3d_files/a.png"></div><div class="element" style="position: absolute; transform: translate(-50%, -50%) matrix3d(0.801541, 0, 0.59794, 0, 0, -1, 0, 0, -0.59794, 0, 0.801541, 0, -538.146, 40, 721.387, 1); background-color: rgba(0, 127, 127, 0.639216);"><img src="threejscss3d_files/a.png"></div><div class="element" style="position: absolute; transform: translate(-50%, -50%) matrix3d(0.893405, 0, 0.449252, 0, 0, -1, 0, 0, -0.449252, 0, 0.893405, 0, -404.327, 35, 804.064, 1); background-color: rgba(0, 127, 127, 0.396078);"><img src="threejscss3d_files/a.png"></div><div class="element" style="position: absolute; transform: translate(-50%, -50%) matrix3d(0.957978, 0, 0.286842, 0, 0, -1, 0, 0, -0.286842, 0, 0.957978, 0, -258.157, 30, 862.18, 1); background-color: rgba(0, 127, 127, 0.529412);"><img src="threejscss3d_files/a.png"></div><div class="element" style="position: absolute; transform: translate(-50%, -50%) matrix3d(0.993288, 0, 0.115669, 0, 0, -1, 0, 0, -0.115669, 0, 0.993288, 0, -104.222, 24.8904, 893.846, 1); background-color: rgba(0, 127, 127, 0.447059);"><img src="threejscss3d_files/a.png"></div><div class="element" style="position: absolute; transform: translate(-50%, -50%) matrix3d(0.998256, 0, -0.0590375, 0, 0, -1, 0, 0, 0.0590375, 0, 0.998256, 0, 53.1337, 20, 898.43, 1); background-color: rgba(0, 127, 127, 0.286275);"><img src="threejscss3d_files/a.png"></div><div class="element" style="position: absolute; transform: translate(-50%, -50%) matrix3d(0.972917, 0.000658182, -0.231153, 0, 0.000388284, -0.999999, -0.00121311, 0, 0.231154, -0.0010905, 0.972917, 0, 208.746, 15, 875.457, 1); background-color: rgba(0, 127, 127, 0.494118);"><img src="threejscss3d_files/a.png"></div><div class="element" style="position: absolute; transform: translate(-50%, -50%) matrix3d(0.91749, 0, -0.397758, 0, 0, -1, 0, 0, 0.397758, 0, 0.91749, 0, 357.982, 10, 825.741, 1); background-color: rgba(0, 127, 127, 0.603922);"><img src="threejscss3d_files/a.png"></div><div class="element" style="position: absolute; transform: translate(-50%, -50%) matrix3d(0.834559, 0.00166083, -0.550915, 0, 0.000350786, -0.999997, -0.00248326, 0, 0.550918, -0.00187918, 0.834557, 0, 496.283, 5, 750.802, 1); background-color: rgba(0, 127, 127, 0.533333);"><img src="threejscss3d_files/a.png"></div><div class="element" style="position: absolute; transform: translate(-50%, -50%) matrix3d(0.725475, 0, -0.688248, 0, 0, -1, 0, 0, 0.688248, 0, 0.725475, 0, 619.424, 0, 652.928, 1); background-color: rgba(0, 127, 127, 0.282353);"><img src="threejscss3d_files/a.png"></div><div class="element" style="position: absolute; transform: translate(-50%, -50%) matrix3d(0.594565, 0, -0.804048, 0, 0, -1, 0, 0, 0.804048, 0, 0.594565, 0, 723.643, -5, 535.108, 1); background-color: rgba(0, 127, 127, 0.568627);"><img src="threejscss3d_files/a.png"></div><div class="element" style="position: absolute; transform: translate(-50%, -50%) matrix3d(0.445493, 0, -0.895286, 0, 0, -1, 0, 0, 0.895286, 0, 0.445493, 0, 805.757, -10, 400.943, 1); background-color: rgba(0, 127, 127, 0.466667);"><img src="threejscss3d_files/a.png"></div><div class="element" style="position: absolute; transform: translate(-50%, -50%) matrix3d(0.282812, 0, -0.959175, 0, 0, -1, 0, 0, 0.959175, 0, 0.282812, 0, 863.258, -15, 254.531, 1); background-color: rgba(0, 127, 127, 0.619608);"><img src="threejscss3d_files/a.png"></div><div class="element" style="position: absolute; transform: translate(-50%, -50%) matrix3d(0.111492, 0, -0.993765, 0, 0, -1, 0, 0, 0.993765, 0, 0.111492, 0, 894.389, -20, 100.343, 1); background-color: rgba(0, 127, 127, 0.662745);"><img src="threejscss3d_files/a.png"></div><div class="element" style="position: absolute; transform: translate(-50%, -50%) matrix3d(-0.0632333, 0, -0.997999, 0, 0, -1, 0, 0, 0.997999, 0, -0.0632333, 0, 898.199, -25, -56.9099, 1); background-color: rgba(0, 127, 127, 0.619608);"><img src="threejscss3d_files/a.png"></div><div class="element" style="position: absolute; transform: translate(-50%, -50%) matrix3d(-0.236027, 0, -0.971746, 0, 0, -1, 0, 0, 0.971746, 0, -0.236027, 0, 874.572, -30, -212.424, 1); background-color: rgba(0, 127, 127, 0.647059);"><img src="threejscss3d_files/a.png"></div><div class="element" style="position: absolute; transform: translate(-50%, -50%) matrix3d(-0.401611, 0, -0.91581, 0, 0, -1, 0, 0, 0.91581, 0, -0.401611, 0, 824.229, -35, -361.45, 1); background-color: rgba(0, 127, 127, 0.47451);"><img src="threejscss3d_files/a.png"></div><div class="element" style="position: absolute; transform: translate(-50%, -50%) matrix3d(-0.554927, 0, -0.831899, 0, 0, -1, 0, 0, 0.831899, 0, -0.554927, 0, 748.709, -40, -499.435, 1); background-color: rgba(0, 127, 127, 0.733333);"><img src="threejscss3d_files/a.png"></div><div class="element" style="position: absolute; transform: translate(-50%, -50%) matrix3d(-0.691292, 0, -0.722576, 0, 0, -1, 0, 0, 0.722576, 0, -0.691292, 0, 650.318, -45, -622.163, 1); background-color: rgba(0, 127, 127, 0.498039);"><img src="threejscss3d_files/a.png"></div><div class="element" style="position: absolute; transform: translate(-50%, -50%) matrix3d(-0.80654, 0, -0.59118, 0, 0, -1, 0, 0, 0.59118, 0, -0.80654, 0, 532.062, -50, -725.886, 1); background-color: rgba(0, 127, 127, 0.662745);"><img src="threejscss3d_files/a.png"></div><div class="element" style="position: absolute; transform: translate(-50%, -50%) matrix3d(-0.897131, 0.00513106, -0.441735, 0, -0.00415432, -0.999986, -0.00317842, 0, 0.441745, 0.00101635, -0.89714, 0, 397.553, -55, -807.435, 1); background-color: rgba(0, 127, 127, 0.615686);"><img src="threejscss3d_files/a.png"></div><div class="element" style="position: absolute; transform: translate(-50%, -50%) matrix3d(-0.960356, 0, -0.278777, 0, 0, -1, 0, 0, 0.278777, 0, -0.960356, 0, 250.9, -60, -864.32, 1); background-color: rgba(0, 127, 127, 0.580392);"><img src="threejscss3d_files/a.png"></div><div class="element" style="position: absolute; transform: translate(-50%, -50%) matrix3d(-0.994225, 0, -0.107314, 0, 0, -1, 0, 0, 0.107314, 0, -0.994225, 0, 96.5824, -65, -894.803, 1); background-color: rgba(0, 127, 127, 0.403922);"><img src="threejscss3d_files/a.png"></div><div class="element" style="position: absolute; transform: translate(-50%, -50%) matrix3d(-0.997724, 0, 0.067428, 0, 0, -1, 0, 0, -0.067428, 0, -0.997724, 0, -60.6852, -70, -897.952, 1); background-color: rgba(0, 127, 127, 0.32549);"><img src="threejscss3d_files/a.png"></div><div class="element" style="position: absolute; transform: translate(-50%, -50%) matrix3d(-0.970746, 0, 0.24011, 0, 0, -1, 0, 0, -0.24011, 0, -0.970746, 0, -216.099, -75, -873.671, 1); background-color: rgba(0, 127, 127, 0.74902);"><img src="threejscss3d_files/a.png"></div><div class="element" style="position: absolute; transform: translate(-50%, -50%) matrix3d(-0.914114, 0, 0.405457, 0, 0, -1, 0, 0, -0.405457, 0, -0.914114, 0, -364.912, -80, -822.703, 1); background-color: rgba(0, 127, 127, 0.411765);"><img src="threejscss3d_files/a.png"></div><div class="element" style="position: absolute; transform: translate(-50%, -50%) matrix3d(-0.829559, 0, 0.558419, 0, 0, -1, 0, 0, -0.558419, 0, -0.829559, 0, -502.577, -85, -746.603, 1); background-color: rgba(0, 127, 127, 0.286275);"><img src="threejscss3d_files/a.png"></div><div class="element" style="position: absolute; transform: translate(-50%, -50%) matrix3d(-0.719663, 0, 0.694323, 0, 0, -1, 0, 0, -0.694323, 0, -0.719663, 0, -624.891, -90, -647.697, 1); background-color: rgba(0, 127, 127, 0.439216);"><img src="threejscss3d_files/a.png"></div><div class="element" style="position: absolute; transform: translate(-50%, -50%) matrix3d(-0.587784, 0, 0.809018, 0, 0, -1, 0, 0, -0.809018, 0, -0.587784, 0, -727.539, -94.848, -527.833, 1); background-color: rgba(0, 127, 127, 0.317647);"><img src="threejscss3d_files/a.png"></div><div class="element" style="position: absolute; transform: translate(-50%, -50%) matrix3d(-0.43795, 0, 0.898999, 0, 0, -1, 0, 0, -0.898999, 0, -0.43795, 0, -809.099, -100, -394.155, 1); background-color: rgba(0, 127, 127, 0.690196);"><img src="threejscss3d_files/a.png"></div><div class="element" style="position: absolute; transform: translate(-50%, -50%) matrix3d(-0.274738, 0, 0.961519, 0, 0, -1, 0, 0, -0.961519, 0, -0.274738, 0, -865.367, -105, -247.264, 1); background-color: rgba(0, 127, 127, 0.396078);"><img src="threejscss3d_files/a.png"></div><div class="element" style="position: absolute; transform: translate(-50%, -50%) matrix3d(-0.103133, 0, 0.994668, 0, 0, -1, 0, 0, -0.994668, 0, -0.103133, 0, -895.201, -110, -92.8201, 1); background-color: rgba(0, 127, 127, 0.254902);"><img src="threejscss3d_files/a.png"></div><div class="element" style="position: absolute; transform: translate(-50%, -50%) matrix3d(0.0716215, 0, 0.997432, 0, 0, -1, 0, 0, -0.997432, 0, 0.0716215, 0, -897.689, -115, 64.4593, 1); background-color: rgba(0, 127, 127, 0.317647);"><img src="threejscss3d_files/a.png"></div><div class="element" style="position: absolute; transform: translate(-50%, -50%) matrix3d(0.244189, 0, 0.969728, 0, 0, -1, 0, 0, -0.969728, 0, 0.244189, 0, -872.755, -120, 219.77, 1); background-color: rgba(0, 127, 127, 0.54902);"><img src="threejscss3d_files/a.png"></div><div class="element" style="position: absolute; transform: translate(-50%, -50%) matrix3d(0.409296, 0, 0.912401, 0, 0, -1, 0, 0, -0.912401, 0, 0.409296, 0, -821.161, -125, 368.367, 1); background-color: rgba(0, 127, 127, 0.627451);"><img src="threejscss3d_files/a.png"></div><div class="element" style="position: absolute; transform: translate(-50%, -50%) matrix3d(0.561902, 0, 0.827204, 0, 0, -1, 0, 0, -0.827204, 0, 0.561902, 0, -744.484, -130, 505.711, 1); background-color: rgba(0, 127, 127, 0.643137);"><img src="threejscss3d_files/a.png"></div><div class="element" style="position: absolute; transform: translate(-50%, -50%) matrix3d(0.697905, -8.68922e-05, 0.716191, 0, -0.000135919, -1, 1.11232e-05, 0, -0.716191, 0.000105107, 0.697905, 0, -645.064, -135, 627.608, 1); background-color: rgba(0, 127, 127, 0.478431);"><img src="threejscss3d_files/a.png"></div><div class="element" style="position: absolute; transform: translate(-50%, -50%) matrix3d(0.811481, 0, 0.584378, 0, 0, -1, 0, 0, -0.584378, 0, 0.811481, 0, -525.94, -140, 730.333, 1); background-color: rgba(0, 127, 127, 0.682353);"><img src="threejscss3d_files/a.png"></div><div class="element" style="position: absolute; transform: translate(-50%, -50%) matrix3d(0.900832, 0, 0.434167, 0, 0, -1, 0, 0, -0.434167, 0, 0.900832, 0, -390.75, -145, 810.749, 1); background-color: rgba(0, 127, 127, 0.509804);"><img src="threejscss3d_files/a.png"></div><div class="element" style="position: absolute; transform: translate(-50%, -50%) matrix3d(0.962859, 0.00274229, 0.269991, 0, 0.00242451, -0.999996, 0.0015105, 0, -0.269994, 0.000799805, 0.962862, 0, -243.624, -150, 866.399, 1); background-color: rgba(0, 127, 127, 0.564706);"><img src="threejscss3d_files/a.png"></div><div class="element" style="position: absolute; transform: translate(-50%, -50%) matrix3d(0.995092, 0, 0.0989513, 0, 0, -1, 0, 0, -0.0989513, 0, 0.995092, 0, -89.0562, -155, 895.583, 1); background-color: rgba(0, 127, 127, 0.317647);"><img src="threejscss3d_files/a.png"></div><div class="element" style="position: absolute; transform: translate(-50%, -50%) matrix3d(0.997122, 0, -0.0758137, 0, 0, -1, 0, 0, 0.0758137, 0, 0.997122, 0, 68.2323, -160, 897.41, 1); background-color: rgba(0, 127, 127, 0.580392);"><img src="threejscss3d_files/a.png"></div><div class="element" style="position: absolute; transform: translate(-50%, -50%) matrix3d(0.968693, 0, -0.248263, 0, 0, -1, 0, 0, 0.248263, 0, 0.968693, 0, 223.437, -165, 871.823, 1); background-color: rgba(0, 127, 127, 0.486275);"><img src="threejscss3d_files/a.png"></div><div class="element" style="position: absolute; transform: translate(-50%, -50%) matrix3d(0.910673, 0, -0.413128, 0, 0, -1, 0, 0, 0.413128, 0, 0.910673, 0, 371.815, -170, 819.606, 1); background-color: rgba(0, 127, 127, 0.360784);"><img src="threejscss3d_files/a.png"></div><div class="element" style="position: absolute; transform: translate(-50%, -50%) matrix3d(0.824835, 0, -0.565374, 0, 0, -1, 0, 0, 0.565374, 0, 0.824835, 0, 508.837, -175, 742.351, 1); background-color: rgba(0, 127, 127, 0.443137);"><img src="threejscss3d_files/a.png"></div><div class="element" style="position: absolute; transform: translate(-50%, -50%) matrix3d(0.713407, 0.000265312, -0.70075, 0, 0.000412832, -1, 4.16772e-05, 0, 0.70075, 0.000319024, 0.713407, 0, 630.314, -180, 642.42, 1); background-color: rgba(0, 127, 127, 0.278431);"><img src="threejscss3d_files/a.png"></div><div class="element" style="position: absolute; transform: translate(-50%, -50%) matrix3d(0.580962, 0, -0.813931, 0, 0, -1, 0, 0, 0.813931, 0, 0.580962, 0, 732.538, -185, 522.866, 1); background-color: rgba(0, 127, 127, 0.262745);"><img src="threejscss3d_files/a.png"></div><div class="element" style="position: absolute; transform: translate(-50%, -50%) matrix3d(0.430376, 0, -0.902649, 0, 0, -1, 0, 0, 0.902649, 0, 0.430376, 0, 812.385, -190, 387.339, 1); background-color: rgba(0, 127, 127, 0.717647);"><img src="threejscss3d_files/a.png"></div><div class="elem